3CQS2S4HJH 11100000011001220 [0, 0, 0, 0, 0, 0, 0, 0, 12]   
3D2DTD8S9H 11000011100000113 [0, 0, 0, 0, 0, 0, 0, 0, 10] 

5H6H2SKS3D 11011000000100221 [0, 0, 0, 0, 0, 0, 0, 0, 13]   
5DJD7HJS8H 00010110020000122 [0, 0, 0, 0, 0, 0, 0, 11, 8] 

5CAD5DAC9C 00020001000023002 [0, 0, 0, 0, 0, 0, 14, 0, 9]   
7C5H8DTDKS 00010110100101112 [0, 0, 0, 0, 0, 0, 0, 0, 13] 

2S8D8C4CTS 10100020100002201 [0, 0, 0, 0, 0, 0, 0, 8, 10]   
9S9D9CAC3D 01000003000012102 [0, 0, 0, 0, 0, 9, 0, 0, 14]  

6H4H5C3H2H 11111000000001040 [0, 0, 0, 0, 6, 0, 0, 0, 6]    
3SQH5S6SAS 01011000001010410 [0, 0, 0, 0, 0, 0, 0, 0, 14] 

AD6C6S7DTH 00002100100011112 [0, 0, 0, 0, 0, 0, 0, 6, 14]   
6H2H8HKH4H 10101010000100050 [0, 0, 0, 13, 0, 0, 0, 0, 13] 

4H9HQHJS2D 10100001011000131 [0, 0, 0, 0, 0, 0, 0, 0, 12]   
THTDTCKDKS 00000000300201112 [0, 0, 10, 0, 0, 10, 0, 13, 0]







